  0	  0	255
 54	  5	255
  2	208	244
  1	206	252
179	198	244
  1	208	248
  0	201	253
  0	199	249
  0	202	253
179	201	249
  0	200	247
  0	199	248
  0	  0	253
  0	  0	254
 70	  3	255
  2	207	245
  0	204	253
179	197	245
  1	206	248
  0	199	254
  0	199	251
  0	201	254
 90	  1	255
  2	206	245
  0	201	250
  0	198	246
  1	203	247
  0	202	255
178	198	245
  1	204	249
  0	201	249
  0	204	254
  0	205	253
150	  1	255
  1	203	248
  0	203	255
178	199	246
  1	205	248
  0	202	252
  0	200	250
  0	198	245
  0	199	244
178	200	245
179	199	251
150	  2	255
  1	204	248
  1	206	249
  0	200	253
  0	198	248
  0	199	247
  1	203	249
179	198	246
  0	200	252
  0	201	251
 38	  4	255
179	203	251
  0	202	251
179	198	249
  0	198	250
 83	  4	255
 75	  2	255
173	  4	255
  0	204	251
179	204	254
179	191	248
  2	215	249
  0	206	247
  0	196	248
  3	213	255
  0	202	248
  1	195	235
179	206	248
  1	213	255
178	199	255
178	203	247
  0	203	246
 30	  4	255
  0	202	237
179	201	255
  0	191	255
  2	211	242
179	199	252
178	201	254
179	196	246
  1	202	249
179	195	243
  0	205	244
  1	197	242
  1	208	242
178	210	245
178	202	255
178	211	255
179	202	253
179	202	252
  5	 12	255
179	200	251
  1	201	252
  2	214	241
  1	205	255
  0	203	253
  3	206	238
  1	204	250
  0	201	247
  0	202	246
 90	  8	255
176	219	241
177	205	255
179	203	248
178	202	248
  1	202	242
179	199	245
  0	198	252
 29	 21	254
  0	185	230
  1	204	245
  1	192	223
179	193	244
  0	204	255
179	206	254
  0	204	252
  0	203	254
150	  9	255
 26	  7	255
 66	 15	255
  9	 13	255
150	  4	255
 93	 10	255
 19	 14	255
 28	 18	255
 81	 17	255
163	 12	255
 30	  5	255
178	 12	255
 90	  4	255
 46	 11	255
 23	 24	255
105	  4	255
 75	  8	255
 19	 11	255
 80	 15	255
 11	 11	255
 90	 13	255
 40	 18	255
110	  3	255
102	  5	255
150	  7	255
 96	  5	255
 35	  6	252
 45	  2	255
135	  6	255
 21	  7	255
 92	 13	255
 90	  3	255
 15	  2	255
120	  1	255
 48	  5	255
 22	 23	255
  2	184	232
179	203	240
178	203	255
  0	198	237
179	192	243
179	196	255
  0	198	240
176	212	253
178	183	243
158	 16	255
 66	  5	254
  0	  4	255
105	  6	255
150	  3	255
150	 16	255
 39	 15	246
 90	  6	255
  6	  5	252
 90	 11	255
 53	  4	255
 13	  7	255
 26	 32	245
 25	  6	253
 73	  9	254
  0	  2	255
179	202	241
178	208	255
179	197	253
  1	208	249
179	205	255
  1	208	252
  0	203	252
  0	200	255
  1	207	240
 69	  7	255
143	  4	255
 90	 27	255
 63	 21	255
 66	219	165
 69	255	158
 69	255	161
 67	246	164
 69	255	166
 67	247	156
 68	245	160
 69	255	162
 72	255	161
 70	241	164
 81	 24	255
 30	  9	255
150	  8	255
 75	  2	253
178	204	255
  0	193	255
  2	204	231
  2	206	255
  0	197	255
  2	207	239
  1	200	254
 76	 11	255
159	  7	255
 60	  4	255
165	  4	255
 47	  7	255
 11	  8	255
 69	252	152
 70	255	166
 68	241	166
 67	252	164
 68	255	163
 68	242	162
 69	247	166
 69	252	163
 67	255	161
 81	 10	255
160	  6	255
 84	 10	255
  0	196	239
  1	206	251
  2	214	249
  2	215	253
  0	203	240
179	207	252
150	  5	255
105	  2	255
 60	  6	255
 10	  6	255
 16	 11	255
 70	255	169
 69	255	167
 67	255	152
 66	255	159
 68	243	171
 68	255	160
 68	255	164
 67	224	163
 68	255	165
170	  3	255
174	  5	255
 90	 14	255
173	  9	255
179	196	238
  0	194	255
  0	195	250
177	205	245
178	196	255
178	201	251
  1	199	246
  1	199	243
  0	  0	252
 84	 15	251
 95	 13	255
 71	255	166
 69	255	160
 67	234	161
 67	229	165
 70	255	153
 69	250	161
 69	255	164
 68	255	157
 69	255	169
150	  6	255
 72	  5	255
 80	  6	255
 71	  8	255
162	  5	255
179	198	253
  2	209	237
  1	200	245
178	200	255
  1	206	244
  0	207	255
179	209	255
 23	  4	255
 80	  9	255
 98	 15	255
 68	  8	255
 67	255	160
 68	255	166
 70	253	164
 68	255	167
 68	253	162
 69	252	166
 70	254	170
130	  3	255
 30	  2	255
  1	202	251
178	202	250
  1	204	246
  1	206	255
179	200	249
  0	191	238
 20	  3	254
169	 11	255
 18	  5	255
 68	242	158
 68	244	160
 71	249	160
 68	255	158
 68	239	163
 69	253	163
 68	255	161
  0	201	252
  0	198	249
 75	  4	255
 69	252	160
 69	253	164
 69	253	161
 69	255	163
 20	  3	255
  1	204	251
  2	211	247
177	208	255
  1	210	254
178	198	247
179	200	250
  1	207	248
100	  3	255
 26	 20	254
 26	 14	255
 73	250	149
 66	242	162
 67	255	164
 69	255	165
 69	243	164
 69	253	162
 66	249	170
 30	 18	255
161	  8	255
 90	 12	255
  0	200	244
  2	203	241
178	207	249
  1	201	255
  2	208	252
  1	193	232
  1	209	253
  0	196	255
 66	  5	253
110	 12	255
 25	 12	255
 61	 27	255
 71	233	171
 67	255	153
 66	236	160
 68	246	171
 69	252	158
 69	250	157
 68	250	162
 74	249	177
 60	 12	252
 20	  3	252
 84	  5	255
 20	  3	251
179	205	254
  0	195	255
178	202	236
  1	209	255
  1	206	253
  1	200	253
 65	  6	255
 20	  6	255
 15	  4	255
 17	  9	255
 90	 18	255
150	 14	255
 95	 18	253
 70	  6	255
 60	 12	253
150	 11	255
146	  7	255
 45	 14	255
  0	190	233
179	208	255
177	201	255
  0	205	251
179	194	254
179	204	255
179	201	253
177	207	243
177	188	240
177	  9	255
 68	  4	255
 90	  7	255
  8	 11	255
 36	  5	254
 30	  2	249
 42	  5	252
  6	  5	255
155	  6	255
150	 12	255
 72	 15	255
 70	  6	249
 80	  9	252
 60	  5	255
 42	  5	255
 30	 19	255
 22	 19	255
 90	 10	255
 90	  6	252
 77	  7	255
171	  7	255
135	  2	255
160	  6	252
 84	 16	253
175	  6	255
 75	 10	255
 56	  8	253
  0	  6	254
 86	  7	255
  6	  5	254
 79	 11	253
 85	 11	255
 24	  5	255
176	  7	255
 30	  2	252
 96	  5	253
 93	  9	255
  0	  0	250
165	  2	253
 20	  3	249
 36	  5	255
 95	  6	255
 77	  9	255
 30	  7	255
 51	  7	255
 15	  6	255
 36	  5	251
 90	  9	255
156	  5	255
 68	 11	255
 30	  2	254
 34	  7	255
 80	  6	253
 30	  2	253
  0	  0	249
165	  2	255
120	  2	252
 30	  2	251
120	  2	254
 43	  7	255
 83	  4	251
120	  2	249
  0	  0	251
 24	 20	255
 45	  8	255
 81	 13	255
  0	  0	242
 75	  5	105
 75	  5	 99
110	  7	103
110	  7	108
110	  8	102
 96	 12	104
110	  8	100
110	  7	115
 23	 21	255
 18	160	239
 19	182	236
 19	189	242
 18	182	244
 20	184	232
 75	  5	103
110	  7	110
110	  8	 95
 96	 13	102
 96	 12	105
110	  7	106
110	  8	101
 19	185	232
 21	199	228
 21	195	233
 20	181	233
 20	188	235
  0	  0	246
110	  8	 96
 96	 12	107
 96	 12	106
 96	 13	100
 96	 12	103
 96	 12	110
 96	 13	101
110	  8	 98
140	  3	255
 19	189	241
 21	194	234
 21	187	230
 21	184	230
120	  2	253
101	 21	 99
101	 19	108
 96	 13	 98
 96	 12	108
110	  3	253
165	  2	254
 78	 15	255
 18	179	248
 20	182	231
 21	188	229
 21	182	232
 20	189	236
110	  7	104
101	 19	105
101	 19	106
 90	 14	106
 10	  3	255
 20	182	234
 20	189	233
 21	183	231
 20	187	233
 90	 15	103
 83	  8	255
 19	175	224
 18	177	236
 19	182	237
 20	181	228
 21	188	231
 75	  5	100
 75	  5	102
 83	 10	101
 83	 10	103
 83	 10	105
167	  7	255
 25	 13	255
 21	185	234
 21	200	240
 21	203	237
 22	194	230
 20	183	234
 75	  2	245
 75	  5	110
 75	  5	 98
 75	  5	104
 83	 10	106
 83	 11	 93
 75	  5	101
 75	  5	 95
 75	  4	114
 75	  2	249
 34	  8	254
 21	174	229
 20	188	230
 20	191	228
 21	180	228
 20	184	235
 75	  2	252
 75	  2	254
 75	  2	248
165	  6	255
 25	 11	255
 19	177	233
 19	184	237
 19	191	239
 20	185	238
 21	190	228
132	  5	255
 21	178	219
 21	182	229
 21	184	229
 21	177	221
 20	188	239
  0	  0	248
 63	 11	255
 22	192	222
 22	205	231
 21	200	239
 19	183	240
 20	185	230
165	  2	251
 75	  2	251
  6	 15	255
 20	167	237
 19	190	235
 19	186	237
 30	 11	255
 36	 16	255
 24	 21	255
 73	  7	255
  0	  0	247
  0	  0	209
  0	  0	202
  0	  0	201
  0	  0	203
165	  3	181
165	  3	182
165	  3	204
165	  2	205
165	  3	203
165	  3	178
165	  3	186
165	  3	177
165	  3	176
165	  3	180
165	  3	202
165	  3	183
165	  3	185
165	  3	184
165	  2	250
165	  2	206
165	  2	248
165	  3	190
165	  2	249
165	  2	252
